C(gr)             Graphite. Ref-Elm. TRC(4/83); lowT CV24 from Desorbo/Tyler1953
 4 n 4/83 C   1.00    0.00    0.00    0.00    0.00 1     12.01070          0.000
     50.000    200.0007 -2.0 -1.0  0.0  1.0  2.0  3.0  4.0  0.0         1053.500
-4.167662699E-01 1.989973865E-01-2.117766642E-02 7.621777035E-04 1.755146287E-05
-3.128337839E-08 1.079933548E-11 0.000000000E+00-1.270442071E+02 5.865615636E-02
    200.000    600.0007 -2.0 -1.0  0.0  1.0  2.0  3.0  4.0  0.0         1053.500
 1.132856760D+05-1.980421677D+03 1.365384188D+01-4.636096440D-02 1.021333011D-04
-1.082893179D-07 4.472258860D-11                 8.943859760D+03-7.295824740D+01
    600.000   2000.0007 -2.0 -1.0  0.0  1.0  2.0  3.0  4.0  0.0         1053.500
 3.356004410D+05-2.596528368D+03 6.948841910D+00-3.484836090D-03 1.844192445D-06
-5.055205960D-10 5.750639010D-14                 1.398412456D+04-4.477183040D+01
   2000.000   6000.0007 -2.0 -1.0  0.0  1.0  2.0  3.0  4.0  0.0         1053.500
 2.023105106D+05-1.138235908D+03 3.700279500D+00-1.833807727D-04 6.343683250D-08
-7.068589480D-12 3.335435980D-16                 5.848134850D+03-2.350925275D+01