'LOGK' 'joules' /
100,100,6000/
CO                Gurvich,1979 pt1 p25 pt2 p29; low-T fit CV24                                 
 4 tpis79 C   1.00O   1.00    0.00    0.00    0.00 0   28.0101000    -110535.196
     50.000    200.0007 -2.0 -1.0  0.0  1.0  2.0  3.0  4.0  0.0         8671.104
  1.35188662D+01 -8.60449774D-01  3.52169465D+00 -2.77706881D-04  1.91025950D-06
 -6.73127142D-09  9.55525971D-12  0.00000000D+00 -1.43350358D+04  3.74335539D+00    
    200.000   1000.0007 -2.0 -1.0  0.0  1.0  2.0  3.0  4.0  0.0         8671.104    
 1.489045326D+04-2.922285939D+02 5.724527170D+00-8.176235030D-03 1.456903469D-05
-1.087746302D-08 3.027941827D-12                -1.303131878D+04-7.859241350D+00
   1000.000   6000.0007 -2.0 -1.0  0.0  1.0  2.0  3.0  4.0  0.0         8671.104
 4.619197250D+05-1.944704863D+03 5.916714180D+00-5.664282830D-04 1.398814540D-07
-1.787680361D-11 9.620935570D-16                -2.466261084D+03-1.387413108D+01
   6000.000  20000.0007 -2.0 -1.0  0.0  1.0  2.0  3.0  4.0  0.0         8671.104
 8.868662960D+08-7.500377840D+05 2.495474979D+02-3.956351100D-02 3.297772080D-06
-1.318409933D-10 1.998937948D-15                 5.701421130D+06-2.060704786D+03

Vibrational frequencies (cm-1): [2170]
Characteristic vibrational temperatures: [3125.74347826]