H2O               Hf:Cox,1989. Woolley,1987. TRC(10/88) tuv25; low-T CV2024                  
 3 g 8/89 H   2.00O   1.00    0.00    0.00    0.00 0   18.0152800    -241826.000
     50.000    200.0007 -2.0 -1.0  0.0  1.0  2.0  3.0  4.0  0.0         9904.092
 -8.42496270D+01  4.88085546D+00  3.89194479D+00  1.14840430D-03 -5.94648936D-06 
  1.26767149D-08 -3.83437056D-12  0.00000000D+00 -3.02950365D+04  3.69444961D-01     
    200.000   1000.0007 -2.0 -1.0  0.0  1.0  2.0  3.0  4.0  0.0         9904.092
-3.947960830D+04 5.755731020D+02 9.317826530D-01 7.222712860D-03-7.342557370D-06
 4.955043490D-09-1.336933246D-12  0.00000000D+00-3.303974310D+04 1.724205775D+01
   1000.000   6000.0007 -2.0 -1.0  0.0  1.0  2.0  3.0  4.0  0.0         9904.092
 1.034972096D+06-2.412698562D+03 4.646110780D+00 2.291998307D-03-6.836830480D-07
 9.426468930D-11-4.822380530D-15  0.00000000D+00-1.384286509D+04-7.978148510D+00