N2                Ref-Elm. Gurvich,1978 pt1 p280 pt2 p207; lowT CV2024 NIST; vib
 4 tpis78 N   2.00    0.00    0.00    0.00    0.00 0     28.01348          0.000
     50.000    200.0007 -2.0 -1.0  0.0  1.0  2.0  3.0  4.0  0.0         8670.104 
  1.14504370D+01 -7.08964571D-01  3.51728601D+00 -2.12635985D-04  1.39680169D-06
 -4.67284629D-09  6.26412093D-12  0.00000000D+00 -1.04121052D+03  3.03305522D+00 
    200.000   1000.0007 -2.0 -1.0  0.0  1.0  2.0  3.0  4.0  0.0         8670.104
 2.210371497D+04-3.818461820D+02 6.082738360D+00-8.530914410D-03 1.384646189D-05
-9.625793620D-09 2.519705809D-12                 7.108460860D+02-1.076003316D+01
   1000.000   6000.0007 -2.0 -1.0  0.0  1.0  2.0  3.0  4.0  0.0         8670.104
 5.877124060D+05-2.239249073D+03 6.066949220D+00-6.139685500D-04 1.491806679D-07
-1.923105485D-11 1.061954386D-15                 1.283210415D+04-1.586639599D+01
   6000.000  20000.0007 -2.0 -1.0  0.0  1.0  2.0  3.0  4.0  0.0         8670.104
 8.310139160D+08-6.420733540D+05 2.020264635D+02-3.065092046D-02 2.486903333D-06
-9.705954110D-11 1.437538881D-15                 4.938707040D+06-1.672099736D+03