O2                Ref-Elm. Gurvich,1989 pt1 p94 pt2 p9; lowT CV24 JANAF vib+elec
 4 tpis89 O   2.00    0.00    0.00    0.00    0.00 0   31.9988000          0.000
      50.000   200.0007 -2.0 -1.0  0.0  1.0  2.0  3.0  4.0  0.0         8680.104
 -9.16227457D+01  5.32877937D+00  3.38134871D+00  1.27244601D-03 -6.69558179D-06 
  1.48322200D-08 -5.97424163D-12  0.00000000D+00 -1.06270756D+03  5.22444849D+00 
     200.000  1000.0007 -2.0 -1.0  0.0  1.0  2.0  3.0  4.0  0.0         8680.104
-3.425563420D+04 4.847000970D+02 1.119010961D+00 4.293889240D-03-6.836300520D-07
-2.023372700D-09 1.039040018D-12 0.000000000D+00-3.391454870D+03 1.849699470D+01
   1000.000  6000.000 7 -2.0 -1.0  0.0  1.0  2.0  3.0  4.0  0.0         8680.104
-1.037939022D+06 2.344830282D+03 1.819732036D+00 1.267847582D-03-2.188067988D-07
 2.053719572D-11-8.193467050D-16 0.000000000D+00-1.689010929D+04 1.738716506D+01
   6000.000 20000.000 7 -2.0 -1.0  0.0  1.0  2.0  3.0  4.0  0.0         8680.104
 4.975294300D+08-2.866106874D+05 6.690352250D+01-6.169959020D-03 3.016396027D-07
-7.421416600D-12 7.278175770D-17 0.000000000D+00 2.293554027D+06-5.530621610D+02