P                 Cox,1989. Martin,W.C.,1985. Gordon,1999; CV24 lowT; ref P(w,l)                   
 4 g 5/97 P   1.00    0.00    0.00    0.00    0.00 0   30.9737610     316500.000
     50.000    300.0007 -2.0 -1.0  0.0  1.0  2.0  3.0  4.0  0.0         6197.428
  0.61101776D+02 -0.55899283D+00  0.24761772D+01  0.34584974D-03 -0.17750417D-05
  0.39868691D-08 -0.33103101D-11  0.00000000D+00  0.37305828D+05  0.54771031D+01
    300.000   1000.0007 -2.0 -1.0  0.0  1.0  2.0  3.0  4.0  0.0         6197.428
 5.040866570D+01-7.639418650D-01 2.504563992D+00-1.381689958D-05 2.245585515D-08
-1.866399889D-11 6.227063395D-15                 3.732421910D+04 5.359303481D+00
   1000.000   6000.0007 -2.0 -1.0  0.0  1.0  2.0  3.0  4.0  0.0         6197.428
 1.261794642D+06-4.559838190D+03 8.918079310D+00-4.381401460D-03 1.454286224D-06
-2.030782763D-10 1.021022887D-14                 6.541723960D+04-3.915974795D+01
   6000.000  20000.0007 -2.0 -1.0  0.0  1.0  2.0  3.0  4.0  0.0         6197.428
-2.215392545D+07-4.566911180D+04 2.837245428D+01-4.483244040D-03 3.579413080D-07
-1.255311557D-11 1.590290483D-16                 3.370905760D+05-2.056960928D+02