P2                NIST-JANAF H298, S298; Cp calc CV24 from JANAF vib freq.                               
 3 tpis89 P   2.00    0.00    0.00    0.00    0.00 0   61.9475220     144000.000
     50.000    200.0007 -2.0 -1.0  0.0  1.0  2.0  3.0  4.0  0.0         8904.107
  1.17610000D+03 -6.89987000D+01  5.03833000D+00 -1.61575000D-02  7.91188000D-05
 -1.49720000D-07  9.80850000D-11  0.00000000D+00  1.64827404D+04 -2.66475697D-01     
    200.000   1000.0007 -2.0 -1.0  0.0  1.0  2.0  3.0  4.0  0.0         8904.107
  6.52927000D+04 -7.38698000D+02  6.00396000D+00 -1.67158000D-03  9.80480000D-07
 -2.41030000D-10  2.59220000D-15  0.00000000D+00  2.00229475D+04 -9.62658963D+00    
   1000.000   6000.0007 -2.0 -1.0  0.0  1.0  2.0  3.0  4.0  0.0         8904.107
 -6.68363000D+04 -6.55736000D+01  4.54936000D+00 -1.98632000D-05  4.40880000D-09
 -5.07180000D-13  2.35580000D-17  0.00000000D+00  1.61355187D+04 -2.14699489D-01   
