P2H               Matus+2007 H298, S298; Cp calculated from vib freq, CV2024       
 2 cv est P   2.00H   1.00    0.00    0.00    0.00 0   62.9554620     223400.000
     50.000   200.000 7 -2.0 -1.0  0.0  1.0  2.0  3.0  4.0  0.0            0.001
  2.42956400D+03 -1.63396205D+02  8.26800587D+00 -5.39140387D-02  3.29772426D-04
 -8.43960256D-07  8.05182575D-10  0.00000000D+00  2.61165486D+04 -9.60301625D+00
    200.000  1000.000 7 -2.0 -1.0  0.0  1.0  2.0  3.0  4.0  0.0            0.001     
  9.54900120D+04 -1.43579284D+03  1.09848401D+01 -1.14249979D-02  1.56539829D-05
 -1.00945000D-08  2.52107600D-12  0.00000000D+00  3.24857455D+04 -3.33143606D+01
   1000.000  6000.000 7 -2.0 -1.0  0.0  1.0  2.0  3.0  4.0  0.0            0.001
  3.92440696D+05 -2.03680807D+03  8.34770881D+00 -4.95936189D-04  1.03420678D-07
 -1.13928363D-11  5.13709367D-16  0.00000000D+00  3.72738191D+04 -2.14349183D+01