P2H2(trans)       41916-72-7; Matus+2007 H298, S298; CV24 calc from vib freq                           
 3 CV0722 P   2.00H   2.00    0.00    0.00    0.00 0   63.9634020     120100.000
     50.000   200.000 7 -2.0 -1.0  0.0  1.0  2.0  3.0  4.0  0.0            0.000
  3.91107853D+03 -2.47259449D+02  1.00395280D+01 -7.09161974D-02  3.98964235D-04
 -9.13259629D-07  7.80979634D-10  0.00000000D+00  1.39344249D+04 -1.81307063D+01
    200.000  1000.000 7 -2.0 -1.0  0.0  1.0  2.0  3.0  4.0  0.0            0.000 
  1.42937149D+05 -1.88201986D+03  1.12158528D+01 -5.07411672D-03  7.17000115D-06
 -3.61612952D-09  4.93922091D-13  0.00000000D+00  2.24698107D+04 -3.82452235D+01 
   1000.000  6000.000 7 -2.0 -1.0  0.0  1.0  2.0  3.0  4.0  0.0            0.000
  8.40992354D+05 -4.43315587D+03  1.29109485D+01 -1.06496035D-03  2.21094230D-07
 -2.42718962D-11  1.09148112D-15  0.00000000D+00  3.86077193D+04 -5.37654195D+01