P2H2(cis)         41916-72-7; Matus+2007 H298, S298; CV24 calc from vib freq                           
 3 CV0722 P   2.00H   2.00    0.00    0.00    0.00 0   63.9634020     120100.000
     50.000   200.000 7 -2.0 -1.0  0.0  1.0  2.0  3.0  4.0  0.0            0.000
  4.46866791D+03 -2.82685310D+02  1.09155144D+01 -8.14824298D-02  4.61931088D-04
 -1.07659847D-06  9.36252680D-10  0.00000000D+00  1.57004422D+04 -2.16639288D+01
    200.000  1000.000 7 -2.0 -1.0  0.0  1.0  2.0  3.0  4.0  0.0            0.000 
  1.68497395D+05 -2.29870048D+03  1.35870258D+01 -1.05690517D-02  1.37437430D-05
 -7.64963065D-09  1.50075581D-12  0.00000000D+00  2.60769178D+04 -5.15436703D+01
   1000.000  6000.000 7 -2.0 -1.0  0.0  1.0  2.0  3.0  4.0  0.0            0.000
  8.61913488D+05 -4.40188298D+03  1.28789966D+01 -1.04992840D-03  2.17421610D-07
 -2.38204708D-11  1.06944265D-15  0.00000000D+00  4.01493300D+04 -5.33322299D+01