P4                Gurvich,1989 pt1 p402 pt2 p257.                               
 3 tpis89 P   4.00    0.00    0.00    0.00    0.00 0  123.8950440      58900.000
     50.000    200.0007 -2.0 -1.0  0.0  1.0  2.0  3.0  4.0  0.0        14108.648 
 -1.05248000D+04  5.66407000D+02 -6.52654000D+00  7.11019000D-02 -4.12400000D-05
 -3.69670000D-07  6.43730000D-10  0.00000000D+00  3.39848361D+03  5.53302917D+01
    200.000   1000.0007 -2.0 -1.0  0.0  1.0  2.0  3.0  4.0  0.0        14108.648
  8.88279000D+04 -1.97469000D+03  1.60201000D+01 -1.04627000D-02  1.05720000D-05
 -5.78320000D-09  1.32420000D-12  0.00000000D+00  1.42389648D+04 -6.10256136D+01
   1000.000   6000.0007 -2.0 -1.0  0.0  1.0  2.0  3.0  4.0  0.0        14108.648
 -1.87018000D+05 -5.85543000D+01  1.00444000D+01 -1.79586000D-05  4.00020000D-09
 -4.61370000D-13  2.14720000D-17  0.00000000D+00  3.82206333D+03 -2.47258630D+01

