P4O6(Gurvich)     Gurvich 1989 enthalpy; CV2024 lowT Cp from JANAF vib freq                               
 3 tpis89 P   4.00O   6.00    0.00    0.00    0.00 0  219.8914440   -1606000.000
     50.000    300.0007 -2.0 -1.0  0.0  1.0  2.0  3.0  4.0  0.0        24797.523
 -1.69830570D+04  9.73895428D+02 -1.53287746D+01  1.35362730D-01  6.74506451D-07
 -7.01123824D-07  9.76645776D-10  0.00000000D+00 -1.99289356D+05  9.59552770D+01     
    200.000   1000.0007 -2.0 -1.0  0.0  1.0  2.0  3.0  4.0  0.0        24797.523
  6.72661590D+05 -9.47649557D+03  4.65290608D+01 -2.00010259D-02  1.15224645D-05 
 -2.84057824D-09  5.59566051D-14  0.00000000D+00 -1.49986803D+05 -2.46057642D+02
   1000.000   6000.0007 -2.0 -1.0  0.0  1.0  2.0  3.0  4.0  0.0        24797.523
 -1.04156346D+06 -1.00931063D+03  2.87566402D+01 -3.03682564D-04  6.72761844D-08
 -7.72840082D-12  3.58608419D-16  0.00000000D+00 -1.99145218D+05 -1.30580171D+02
