PH                Lodders 1999 JPCRD; lowT CV2024 fit; CEA P(w),P(l) ref                             
 3 tpis89 P   1.00H   1.00    0.00    0.00    0.00 0   31.9817010      236090.00
     50.000    200.0007 -2.0 -1.0  0.0  1.0  2.0  3.0  4.0  0.0         8648.104
  1.10521582D+01 -6.82992437D-01  3.52011303D+00 -2.03762457D-04  1.33386028D-06
 -4.44420636D-09  5.93006505D-12  0.00000000D+00  2.73526032D+04  3.58971481D+00
    200.000   1000.0007 -2.0 -1.0  0.0  1.0  2.0  3.0  4.0  0.0         8648.104
  7.97414788D+03 -1.83819748D+02  5.02671407D+00 -5.79236146D-03  1.02200451D-05 
 -7.12218901D-09  1.82587134D-12  0.00000000D+00  2.81506717D+04 -4.26519171D+00
   1000.000   6000.0007 -2.0 -1.0  0.0  1.0  2.0  3.0  4.0  0.0         8648.104
 -5.37219145D+05  1.04735957D+03  2.52114994D+00  1.13325384D-03 -1.99039852D-07
  1.65553587D-11 -4.32785050D-16  0.00000000D+00  2.01971525D+04  1.03621365D+01
