PH2               Gurvich,1989 pt1 p422 pt2 p273; lowT CV24 calc from vib freq                               
 3 tpis89 P   1.00H   2.00    0.00    0.00    0.00 0   32.9896410     119553.470
     50.000    200.0007 -2.0 -1.0  0.0  1.0  2.0  3.0  4.0  0.0         9981.571
 -1.74976671D+02  1.21404854D+01  3.66718990D+00  4.56484553D-03 -3.24340727D-05
  1.08640029D-07 -1.17999697D-10  0.00000000D+00  1.31403934D+04  4.07046496D+00     
    200.000   1000.0007 -2.0 -1.0  0.0  1.0  2.0  3.0  4.0  0.0         9981.571
 1.555268372D+04-1.841602025D+02 4.895896040D+00-3.495436600D-03 1.053418945D-05
-8.377562920D-09 2.270766150D-12                 1.409839468D+04-2.210564792D+00
   1000.000   6000.0007 -2.0 -1.0  0.0  1.0  2.0  3.0  4.0  0.0         9981.571
 1.127884913D+06-4.715238250D+03 1.021498300D+01-1.167573820D-03 2.150542671D-07
-1.624213739D-11 3.766225240D-16                 4.183074630D+04-4.231623250D+01