PH3               Chase,1998 p1348; low temperature from CV calc 05-2024        
 3 j 6/62 P   1.00H   3.00    0.00    0.00    0.00 0     33.99758       5439.000
     50.000   200.000 7 -2.0 -1.0  0.0  1.0  2.0  3.0  4.0  0.0        10136.622
-2.260773229D+02 1.994449915D+01 3.336644228D+00 1.065366043D-02-8.615138220D-05
 3.203128036D-07-3.730997689D-10 0.000000000D+00-6.244475788D+02 4.901347898D+00
    200.000  1000.000 7 -2.0 -1.0  0.0  1.0  2.0  3.0  4.0  0.0        10136.622
-6.384325340D+03 4.057567410D+02-1.565680086D-01 1.338380613D-02-8.275391430D-06
 3.024360831D-09-6.421764630D-13 0.000000000D+00-2.159842124D+03 2.385561888D+01
   1000.000  6000.000 7 -2.0 -1.0  0.0  1.0  2.0  3.0  4.0  0.0        10136.622
 1.334801106D+06-6.725463520D+03 1.445857073D+01-1.639736883D-03 3.409218570D-07
-3.736272080D-11 1.672947506D-15 0.000000000D+00 3.910325710D+04-7.198781190D+01
