PO                Gurvich,1989; lowT Cp fit with vib and elec, CV2024                               
 3 tpis89 P   1.00O   1.00    0.00    0.00    0.00 0   46.9731610     -27857.687
     50.000    200.0007 -2.0 -1.0  0.0  1.0  2.0  3.0  4.0  0.0         9390.113 
  3.15824250D+03 -1.29485930D+02  4.51514280D+00  1.36263090D-02 -1.43986800D-04
  4.75067200D-07 -5.26447900D-10  0.00000000D+00 -3.97263550D+03 -1.72177020D-02  
    200.000   1000.0007 -2.0 -1.0  0.0  1.0  2.0  3.0  4.0  0.0         9390.113
-6.845754060D+04 1.141295708D+03-2.779556060D+00 1.678458047D-02-1.974879516D-05
 1.192602320D-08-2.927460912D-12 0.000000000D+00-9.847745040D+03 4.184328297D+01
   1000.000   6000.0007 -2.0 -1.0  0.0  1.0  2.0  3.0  4.0  0.0         9390.113
-3.366667440D+05 6.229355840D+02 3.565605460D+00 6.516620720D-04-2.061770841D-07
 3.184413230D-11-1.573691908D-15 0.000000000D+00-8.939790390D+03 6.954859188D+00
