S(a)              Alpha. Ref-Elm. Gurvich,1989 pt1 p265 pt2 p160.               
 2 tpis89 S   1.00    0.00    0.00    0.00    0.00 1   32.0650000          0.000
     50.000    200.0007 -2.0 -1.0  0.0  1.0  2.0  3.0  4.0  0.0         4412.000
 4.031019247D+02-2.792222339D+01 6.971565412D-01 1.280368225D-02-1.959920041D-05
-1.147235219D-08 4.433376599D-11 0.000000000D+00-4.415738568D+02-3.140599328D+00
    200.000    368.3007 -2.0 -1.0  0.0  1.0  2.0  3.0  4.0  0.0         4412.000
-1.035710779D+04 0.000000000D+00 1.866766938D+00 4.256140250D-03-3.265252270D-06
 0.000000000D+00 0.000000000D+00                -7.516389580D+02-7.961066980D+00
S(b)              Beta. Ref-Elm. Gurvich,1989 pt1 p265 pt2 p160.                
 1 tpis89 S   1.00    0.00    0.00    0.00    0.00 2   32.0650000          0.000
    368.300    388.3607 -2.0 -1.0  0.0  1.0  2.0  3.0  4.0  0.0         4412.000
 0.000000000D+00 0.000000000D+00 2.080514131D+00 2.440879557D-03 0.000000000D+00
 0.000000000D+00 0.000000000D+00                -6.852714730D+02-8.607846750D+00
S(L)              Liquid. Ref-Elm. Gurvich,1989 pt1 p265 pt2 p160.              
 5 tpis89 S   1.00    0.00    0.00    0.00    0.00 3   32.0650000          0.000
    388.360    428.1507 -2.0 -1.0  0.0  1.0  2.0  3.0  4.0  0.0         4412.000
-6.366550765D+07 0.000000000D+00 2.376860693D+03-7.888076026D+00 7.376076522D-03
 0.000000000D+00 0.000000000D+00                -6.356594920D+05-1.186929589D+04
    428.150    432.2507 -2.0 -1.0  0.0  1.0  2.0  3.0  4.0  0.0         4412.000
 0.000000000D+00 0.000000000D+00 6.928522306D+03-3.254655981D+01 3.824448176D-02
 0.000000000D+00 0.000000000D+00                -9.832222680D+05-3.154806751D+04
    432.250    453.1507 -2.0 -1.0  0.0  1.0  2.0  3.0  4.0  0.0         4412.000
 0.000000000D+00 0.000000000D+00 1.649945697D+02-6.843534977D-01 7.315907973D-04
 0.000000000D+00 0.000000000D+00                -2.638846929D+04-7.681730097D+02
    453.150    717.0007 -2.0 -1.0  0.0  1.0  2.0  3.0  4.0  0.0         4412.000
 1.972984578D+06 0.000000000D+00-2.441009753D+01 6.090352889D-02-3.744069103D-05
 0.000000000D+00 0.000000000D+00                 1.113013440D+04 1.363174183D+02
    717.000   6000.0007 -2.0 -1.0  0.0  1.0  2.0  3.0  4.0  0.0         4412.000
 0.000000000D+00 0.000000000D+00 3.848693429D+00 0.000000000D+00 0.000000000D+00
 0.000000000D+00 0.000000000D+00                -8.284589830D+02-1.736128237D+01
